245,324
253,324
261,323
270,323
281,322
290,322
297,322
331,321
341,320
349,320
357,321
368,320
377,320
386,320
395,319
402,319
409,319
418,319
426,319
436,318
444,319
453,320
482,320
491,320
499,320
505,320
513,321
520,321
530,321
538,322
250,315
256,316
264,315
273,315
283,315
292,315
300,315
330,315
339,315
349,314
358,314
369,313
376,314
384,313
396,312
411,310
404,311
421,311
432,312
443,313
453,313
483,311
491,311
499,311
509,312
519,313
527,313
537,313
254,308
264,306
274,306
282,308
292,307
301,307
331,306
340,305
350,306
357,307
365,305
373,306
383,305
394,305
404,303
415,304
424,305
432,305
441,305
450,305
455,305
482,304
491,303
499,304
508,306
517,304
525,305
533,305
256,300
264,300
271,299
280,299
288,298
295,298
304,298
329,298
341,298
350,297
358,297
366,298
377,298
388,298
400,296
410,296
418,297
427,296
435,297
446,297
454,297
483,297
494,297
504,297
513,297
521,297
529,298
255,287
262,287
269,286
278,286
285,286
292,286
297,286
303,286
327,286
334,285
341,284
348,285
355,285
362,284
423,284
428,284
435,285
441,284
449,284
454,285
459,280
452,280
445,280
438,279
432,278
424,278
361,277
355,278
348,278
342,278
336,278
329,279
301,279
292,279
286,279
277,279
269,278
263,279
256,279
257,274
263,273
269,273
275,272
280,271
286,271
296,271
324,273
330,272
336,272
342,272
348,272
352,272
357,272
368,272
375,271
381,272
389,272
395,272
404,272
409,272
415,272
421,272
430,271
436,271
441,272
448,272
453,272
461,273
257,267
265,267
272,266
282,266
292,265
298,265
320,266
326,266
334,265
341,266
352,266
360,266
369,265
377,265
386,266
395,266
403,265
415,265
424,264
433,264
440,265
446,266
453,266
459,266
465,266
370,276
385,276
397,275
392,276
409,276
376,276
409,265
483,286
490,285
498,285
507,286
515,286
522,286
483,279
488,279
495,279
502,280
508,280
516,280
524,280
527,275
485,273
490,273
496,274
504,274
510,274
517,274
486,267
496,268
501,269
509,269
515,270
521,269
527,269